{
 "cells": [
  {
   "cell_type": "code",
   "execution_count": 20,
   "metadata": {},
   "outputs": [],
   "source": [
    "import numpy as np\n",
    "import pandas as pd\n",
    "import seaborn as sns\n",
    "import matplotlib.pyplot as plt\n",
    "\n",
    "plt.rcParams[\"figure.figsize\"] = (10,8) # para establecer el tamaño de todas las figuras del jupyter al mismo tamaño. \n"
   ]
  },
  {
   "cell_type": "code",
   "execution_count": 21,
   "metadata": {},
   "outputs": [],
   "source": [
    "df = pd.read_pickle('../datos/possum_limpio.pkl')"
   ]
  },
  {
   "cell_type": "code",
   "execution_count": 22,
   "metadata": {},
   "outputs": [
    {
     "name": "stdout",
     "output_type": "stream",
     "text": [
      "<class 'pandas.core.frame.DataFrame'>\n",
      "RangeIndex: 104 entries, 0 to 103\n",
      "Data columns (total 14 columns):\n",
      " #   Column    Non-Null Count  Dtype  \n",
      "---  ------    --------------  -----  \n",
      " 0   case      104 non-null    object \n",
      " 1   site      104 non-null    object \n",
      " 2   Pop       104 non-null    object \n",
      " 3   sex       104 non-null    object \n",
      " 4   age       102 non-null    float64\n",
      " 5   hdlngth   104 non-null    float64\n",
      " 6   skullw    104 non-null    float64\n",
      " 7   totlngth  104 non-null    float64\n",
      " 8   taill     104 non-null    float64\n",
      " 9   footlgth  103 non-null    float64\n",
      " 10  earconch  104 non-null    float64\n",
      " 11  eye       104 non-null    float64\n",
      " 12  chest     104 non-null    float64\n",
      " 13  belly     104 non-null    float64\n",
      "dtypes: float64(10), object(4)\n",
      "memory usage: 11.5+ KB\n"
     ]
    }
   ],
   "source": [
    "df.info()"
   ]
  },
  {
   "cell_type": "code",
   "execution_count": 23,
   "metadata": {},
   "outputs": [
    {
     "data": {
      "text/html": [
       "<div>\n",
       "<style scoped>\n",
       "    .dataframe tbody tr th:only-of-type {\n",
       "        vertical-align: middle;\n",
       "    }\n",
       "\n",
       "    .dataframe tbody tr th {\n",
       "        vertical-align: top;\n",
       "    }\n",
       "\n",
       "    .dataframe thead th {\n",
       "        text-align: right;\n",
       "    }\n",
       "</style>\n",
       "<table border=\"1\" class=\"dataframe\">\n",
       "  <thead>\n",
       "    <tr style=\"text-align: right;\">\n",
       "      <th></th>\n",
       "      <th>case</th>\n",
       "      <th>site</th>\n",
       "      <th>Pop</th>\n",
       "      <th>sex</th>\n",
       "      <th>age</th>\n",
       "      <th>hdlngth</th>\n",
       "      <th>skullw</th>\n",
       "      <th>totlngth</th>\n",
       "      <th>taill</th>\n",
       "      <th>footlgth</th>\n",
       "      <th>earconch</th>\n",
       "      <th>eye</th>\n",
       "      <th>chest</th>\n",
       "      <th>belly</th>\n",
       "    </tr>\n",
       "  </thead>\n",
       "  <tbody>\n",
       "    <tr>\n",
       "      <th>0</th>\n",
       "      <td>1</td>\n",
       "      <td>1</td>\n",
       "      <td>Vic</td>\n",
       "      <td>m</td>\n",
       "      <td>8.0</td>\n",
       "      <td>94.1</td>\n",
       "      <td>60.4</td>\n",
       "      <td>89.0</td>\n",
       "      <td>36.0</td>\n",
       "      <td>74.5</td>\n",
       "      <td>54.5</td>\n",
       "      <td>15.2</td>\n",
       "      <td>28.0</td>\n",
       "      <td>36.0</td>\n",
       "    </tr>\n",
       "    <tr>\n",
       "      <th>1</th>\n",
       "      <td>2</td>\n",
       "      <td>1</td>\n",
       "      <td>Vic</td>\n",
       "      <td>f</td>\n",
       "      <td>6.0</td>\n",
       "      <td>92.5</td>\n",
       "      <td>57.6</td>\n",
       "      <td>91.5</td>\n",
       "      <td>36.5</td>\n",
       "      <td>72.5</td>\n",
       "      <td>51.2</td>\n",
       "      <td>16.0</td>\n",
       "      <td>28.5</td>\n",
       "      <td>33.0</td>\n",
       "    </tr>\n",
       "  </tbody>\n",
       "</table>\n",
       "</div>"
      ],
      "text/plain": [
       "  case site  Pop sex  age  hdlngth  skullw  totlngth  taill  footlgth  \\\n",
       "0    1    1  Vic   m  8.0     94.1    60.4      89.0   36.0      74.5   \n",
       "1    2    1  Vic   f  6.0     92.5    57.6      91.5   36.5      72.5   \n",
       "\n",
       "   earconch   eye  chest  belly  \n",
       "0      54.5  15.2   28.0   36.0  \n",
       "1      51.2  16.0   28.5   33.0  "
      ]
     },
     "execution_count": 23,
     "metadata": {},
     "output_type": "execute_result"
    }
   ],
   "source": [
    "df.head(2)"
   ]
  },
  {
   "cell_type": "markdown",
   "metadata": {},
   "source": [
    "### 1. Pregunta teórica: ¿Qué diferencia existe entre la covarianza y la correlación?\n",
    "\n",
    "- La `covarianza` indica si ambas variables varían en la misma dirección (**covarianza positiva**, es decir, si aumenta el valor de una variable aumenta el variable de la otra) o en dirección opuesta (**covarianza negativa** cuando aumenta el valor de una de las variables, disminuye el de la otra). En este caso valor de la covarianza no es importante, solo el signo (si es positivo o negativo)\n",
    "\n",
    "\n",
    "- La `correlación` varía entre -1 y 1. Dos variables están asociadas o correlacionadas cuando una variable nos da información acerca de la otra. De la misma que la covarianza nos va a indicar la si existe relación entre dos variables. Al contrario que la covarianza, la correlación no nos indica unicamente la dirección (positiva o negativa), también nos indica la \"fuerza\" de esa relación. De esta forma: \n",
    "\n",
    "- Si el valor de la correlación es 0 significa que no hay relación entre las variables. \n",
    "\n",
    "- Si el valor es positivo significa que cuando aumenta el valor de una variable aumenta el de la otra. \n",
    "\n",
    "- Si el valor es negativoç significa que cuando disminuye el valor de una variable disminuye el de la otra. \n",
    "\n"
   ]
  },
  {
   "cell_type": "markdown",
   "metadata": {},
   "source": [
    "### 2. Calculad la covarianza y la correlación de nuestro dataset. No nos vale solo con que la calculéis, debéis hacer una interpretación de los resultados obtenidos. Calculad solo la correlación de Pearson."
   ]
  },
  {
   "cell_type": "code",
   "execution_count": 24,
   "metadata": {},
   "outputs": [
    {
     "data": {
      "text/html": [
       "<div>\n",
       "<style scoped>\n",
       "    .dataframe tbody tr th:only-of-type {\n",
       "        vertical-align: middle;\n",
       "    }\n",
       "\n",
       "    .dataframe tbody tr th {\n",
       "        vertical-align: top;\n",
       "    }\n",
       "\n",
       "    .dataframe thead th {\n",
       "        text-align: right;\n",
       "    }\n",
       "</style>\n",
       "<table border=\"1\" class=\"dataframe\">\n",
       "  <thead>\n",
       "    <tr style=\"text-align: right;\">\n",
       "      <th></th>\n",
       "      <th>age</th>\n",
       "      <th>hdlngth</th>\n",
       "      <th>skullw</th>\n",
       "      <th>totlngth</th>\n",
       "      <th>taill</th>\n",
       "      <th>footlgth</th>\n",
       "      <th>earconch</th>\n",
       "      <th>eye</th>\n",
       "      <th>chest</th>\n",
       "      <th>belly</th>\n",
       "    </tr>\n",
       "  </thead>\n",
       "  <tbody>\n",
       "    <tr>\n",
       "      <th>age</th>\n",
       "      <td>3.645215</td>\n",
       "      <td>2.148515</td>\n",
       "      <td>1.680528</td>\n",
       "      <td>2.085809</td>\n",
       "      <td>0.443069</td>\n",
       "      <td>1.066644</td>\n",
       "      <td>0.419472</td>\n",
       "      <td>0.475248</td>\n",
       "      <td>1.283003</td>\n",
       "      <td>1.841584</td>\n",
       "    </tr>\n",
       "    <tr>\n",
       "      <th>hdlngth</th>\n",
       "      <td>2.148515</td>\n",
       "      <td>12.768827</td>\n",
       "      <td>7.908203</td>\n",
       "      <td>10.644985</td>\n",
       "      <td>2.012593</td>\n",
       "      <td>6.138564</td>\n",
       "      <td>1.783600</td>\n",
       "      <td>1.303069</td>\n",
       "      <td>4.616019</td>\n",
       "      <td>5.553146</td>\n",
       "    </tr>\n",
       "    <tr>\n",
       "      <th>skullw</th>\n",
       "      <td>1.680528</td>\n",
       "      <td>7.908203</td>\n",
       "      <td>9.693420</td>\n",
       "      <td>7.064761</td>\n",
       "      <td>1.561324</td>\n",
       "      <td>3.782418</td>\n",
       "      <td>-0.006871</td>\n",
       "      <td>1.052995</td>\n",
       "      <td>4.010680</td>\n",
       "      <td>3.885409</td>\n",
       "    </tr>\n",
       "    <tr>\n",
       "      <th>totlngth</th>\n",
       "      <td>2.085809</td>\n",
       "      <td>10.644985</td>\n",
       "      <td>7.064761</td>\n",
       "      <td>18.580836</td>\n",
       "      <td>4.777782</td>\n",
       "      <td>8.431650</td>\n",
       "      <td>2.736475</td>\n",
       "      <td>1.121897</td>\n",
       "      <td>5.095631</td>\n",
       "      <td>6.184503</td>\n",
       "    </tr>\n",
       "    <tr>\n",
       "      <th>taill</th>\n",
       "      <td>0.443069</td>\n",
       "      <td>2.012593</td>\n",
       "      <td>1.561324</td>\n",
       "      <td>4.777782</td>\n",
       "      <td>3.839712</td>\n",
       "      <td>-1.092538</td>\n",
       "      <td>-3.101270</td>\n",
       "      <td>0.407804</td>\n",
       "      <td>0.701456</td>\n",
       "      <td>1.593820</td>\n",
       "    </tr>\n",
       "    <tr>\n",
       "      <th>footlgth</th>\n",
       "      <td>1.066644</td>\n",
       "      <td>6.138564</td>\n",
       "      <td>3.782418</td>\n",
       "      <td>8.431650</td>\n",
       "      <td>-1.092538</td>\n",
       "      <td>19.318713</td>\n",
       "      <td>13.957339</td>\n",
       "      <td>0.024108</td>\n",
       "      <td>4.071078</td>\n",
       "      <td>3.680868</td>\n",
       "    </tr>\n",
       "    <tr>\n",
       "      <th>earconch</th>\n",
       "      <td>0.419472</td>\n",
       "      <td>1.783600</td>\n",
       "      <td>-0.006871</td>\n",
       "      <td>2.736475</td>\n",
       "      <td>-3.101270</td>\n",
       "      <td>13.957339</td>\n",
       "      <td>16.887005</td>\n",
       "      <td>-0.712599</td>\n",
       "      <td>1.674757</td>\n",
       "      <td>0.755078</td>\n",
       "    </tr>\n",
       "    <tr>\n",
       "      <th>eye</th>\n",
       "      <td>0.475248</td>\n",
       "      <td>1.303069</td>\n",
       "      <td>1.052995</td>\n",
       "      <td>1.121897</td>\n",
       "      <td>0.407804</td>\n",
       "      <td>0.024108</td>\n",
       "      <td>-0.712599</td>\n",
       "      <td>1.103286</td>\n",
       "      <td>0.320874</td>\n",
       "      <td>0.683831</td>\n",
       "    </tr>\n",
       "    <tr>\n",
       "      <th>chest</th>\n",
       "      <td>1.283003</td>\n",
       "      <td>4.616019</td>\n",
       "      <td>4.010680</td>\n",
       "      <td>5.095631</td>\n",
       "      <td>0.701456</td>\n",
       "      <td>4.071078</td>\n",
       "      <td>1.674757</td>\n",
       "      <td>0.320874</td>\n",
       "      <td>4.184466</td>\n",
       "      <td>3.424757</td>\n",
       "    </tr>\n",
       "    <tr>\n",
       "      <th>belly</th>\n",
       "      <td>1.841584</td>\n",
       "      <td>5.553146</td>\n",
       "      <td>3.885409</td>\n",
       "      <td>6.184503</td>\n",
       "      <td>1.593820</td>\n",
       "      <td>3.680868</td>\n",
       "      <td>0.755078</td>\n",
       "      <td>0.683831</td>\n",
       "      <td>3.424757</td>\n",
       "      <td>7.628361</td>\n",
       "    </tr>\n",
       "  </tbody>\n",
       "</table>\n",
       "</div>"
      ],
      "text/plain": [
       "               age    hdlngth    skullw   totlngth     taill   footlgth  \\\n",
       "age       3.645215   2.148515  1.680528   2.085809  0.443069   1.066644   \n",
       "hdlngth   2.148515  12.768827  7.908203  10.644985  2.012593   6.138564   \n",
       "skullw    1.680528   7.908203  9.693420   7.064761  1.561324   3.782418   \n",
       "totlngth  2.085809  10.644985  7.064761  18.580836  4.777782   8.431650   \n",
       "taill     0.443069   2.012593  1.561324   4.777782  3.839712  -1.092538   \n",
       "footlgth  1.066644   6.138564  3.782418   8.431650 -1.092538  19.318713   \n",
       "earconch  0.419472   1.783600 -0.006871   2.736475 -3.101270  13.957339   \n",
       "eye       0.475248   1.303069  1.052995   1.121897  0.407804   0.024108   \n",
       "chest     1.283003   4.616019  4.010680   5.095631  0.701456   4.071078   \n",
       "belly     1.841584   5.553146  3.885409   6.184503  1.593820   3.680868   \n",
       "\n",
       "           earconch       eye     chest     belly  \n",
       "age        0.419472  0.475248  1.283003  1.841584  \n",
       "hdlngth    1.783600  1.303069  4.616019  5.553146  \n",
       "skullw    -0.006871  1.052995  4.010680  3.885409  \n",
       "totlngth   2.736475  1.121897  5.095631  6.184503  \n",
       "taill     -3.101270  0.407804  0.701456  1.593820  \n",
       "footlgth  13.957339  0.024108  4.071078  3.680868  \n",
       "earconch  16.887005 -0.712599  1.674757  0.755078  \n",
       "eye       -0.712599  1.103286  0.320874  0.683831  \n",
       "chest      1.674757  0.320874  4.184466  3.424757  \n",
       "belly      0.755078  0.683831  3.424757  7.628361  "
      ]
     },
     "execution_count": 24,
     "metadata": {},
     "output_type": "execute_result"
    }
   ],
   "source": [
    "df.cov()"
   ]
  },
  {
   "cell_type": "markdown",
   "metadata": {},
   "source": [
    "Como ya hemos explicado, la covarianza nos indica el sentido de la variación (positiva o negativa) pero no la intensidad. En nuestro caso, vemos que las variables que nos interesan ('hdlngth', 'skullw' y 'totlngth') varían en el mismo sentido ya que el valor de covarianza es positivo. "
   ]
  },
  {
   "cell_type": "code",
   "execution_count": 25,
   "metadata": {},
   "outputs": [
    {
     "data": {
      "text/html": [
       "<div>\n",
       "<style scoped>\n",
       "    .dataframe tbody tr th:only-of-type {\n",
       "        vertical-align: middle;\n",
       "    }\n",
       "\n",
       "    .dataframe tbody tr th {\n",
       "        vertical-align: top;\n",
       "    }\n",
       "\n",
       "    .dataframe thead th {\n",
       "        text-align: right;\n",
       "    }\n",
       "</style>\n",
       "<table border=\"1\" class=\"dataframe\">\n",
       "  <thead>\n",
       "    <tr style=\"text-align: right;\">\n",
       "      <th></th>\n",
       "      <th>age</th>\n",
       "      <th>hdlngth</th>\n",
       "      <th>skullw</th>\n",
       "      <th>totlngth</th>\n",
       "      <th>taill</th>\n",
       "      <th>footlgth</th>\n",
       "      <th>earconch</th>\n",
       "      <th>eye</th>\n",
       "      <th>chest</th>\n",
       "      <th>belly</th>\n",
       "    </tr>\n",
       "  </thead>\n",
       "  <tbody>\n",
       "    <tr>\n",
       "      <th>age</th>\n",
       "      <td>1.000000</td>\n",
       "      <td>0.319022</td>\n",
       "      <td>0.285107</td>\n",
       "      <td>0.260280</td>\n",
       "      <td>0.118241</td>\n",
       "      <td>0.126190</td>\n",
       "      <td>0.053405</td>\n",
       "      <td>0.235553</td>\n",
       "      <td>0.334209</td>\n",
       "      <td>0.354298</td>\n",
       "    </tr>\n",
       "    <tr>\n",
       "      <th>hdlngth</th>\n",
       "      <td>0.319022</td>\n",
       "      <td>1.000000</td>\n",
       "      <td>0.710827</td>\n",
       "      <td>0.691094</td>\n",
       "      <td>0.287429</td>\n",
       "      <td>0.391605</td>\n",
       "      <td>0.121463</td>\n",
       "      <td>0.347175</td>\n",
       "      <td>0.631498</td>\n",
       "      <td>0.562663</td>\n",
       "    </tr>\n",
       "    <tr>\n",
       "      <th>skullw</th>\n",
       "      <td>0.285107</td>\n",
       "      <td>0.710827</td>\n",
       "      <td>1.000000</td>\n",
       "      <td>0.526413</td>\n",
       "      <td>0.255921</td>\n",
       "      <td>0.275059</td>\n",
       "      <td>-0.000537</td>\n",
       "      <td>0.321991</td>\n",
       "      <td>0.629737</td>\n",
       "      <td>0.451838</td>\n",
       "    </tr>\n",
       "    <tr>\n",
       "      <th>totlngth</th>\n",
       "      <td>0.260280</td>\n",
       "      <td>0.691094</td>\n",
       "      <td>0.526413</td>\n",
       "      <td>1.000000</td>\n",
       "      <td>0.565646</td>\n",
       "      <td>0.444832</td>\n",
       "      <td>0.154484</td>\n",
       "      <td>0.247786</td>\n",
       "      <td>0.577890</td>\n",
       "      <td>0.519465</td>\n",
       "    </tr>\n",
       "    <tr>\n",
       "      <th>taill</th>\n",
       "      <td>0.118241</td>\n",
       "      <td>0.287429</td>\n",
       "      <td>0.255921</td>\n",
       "      <td>0.565646</td>\n",
       "      <td>1.000000</td>\n",
       "      <td>-0.126277</td>\n",
       "      <td>-0.385136</td>\n",
       "      <td>0.198134</td>\n",
       "      <td>0.174997</td>\n",
       "      <td>0.294493</td>\n",
       "    </tr>\n",
       "    <tr>\n",
       "      <th>footlgth</th>\n",
       "      <td>0.126190</td>\n",
       "      <td>0.391605</td>\n",
       "      <td>0.275059</td>\n",
       "      <td>0.444832</td>\n",
       "      <td>-0.126277</td>\n",
       "      <td>1.000000</td>\n",
       "      <td>0.783050</td>\n",
       "      <td>0.005213</td>\n",
       "      <td>0.450590</td>\n",
       "      <td>0.302584</td>\n",
       "    </tr>\n",
       "    <tr>\n",
       "      <th>earconch</th>\n",
       "      <td>0.053405</td>\n",
       "      <td>0.121463</td>\n",
       "      <td>-0.000537</td>\n",
       "      <td>0.154484</td>\n",
       "      <td>-0.385136</td>\n",
       "      <td>0.783050</td>\n",
       "      <td>1.000000</td>\n",
       "      <td>-0.165092</td>\n",
       "      <td>0.199230</td>\n",
       "      <td>0.066527</td>\n",
       "    </tr>\n",
       "    <tr>\n",
       "      <th>eye</th>\n",
       "      <td>0.235553</td>\n",
       "      <td>0.347175</td>\n",
       "      <td>0.321991</td>\n",
       "      <td>0.247786</td>\n",
       "      <td>0.198134</td>\n",
       "      <td>0.005213</td>\n",
       "      <td>-0.165092</td>\n",
       "      <td>1.000000</td>\n",
       "      <td>0.149338</td>\n",
       "      <td>0.235716</td>\n",
       "    </tr>\n",
       "    <tr>\n",
       "      <th>chest</th>\n",
       "      <td>0.334209</td>\n",
       "      <td>0.631498</td>\n",
       "      <td>0.629737</td>\n",
       "      <td>0.577890</td>\n",
       "      <td>0.174997</td>\n",
       "      <td>0.450590</td>\n",
       "      <td>0.199230</td>\n",
       "      <td>0.149338</td>\n",
       "      <td>1.000000</td>\n",
       "      <td>0.606170</td>\n",
       "    </tr>\n",
       "    <tr>\n",
       "      <th>belly</th>\n",
       "      <td>0.354298</td>\n",
       "      <td>0.562663</td>\n",
       "      <td>0.451838</td>\n",
       "      <td>0.519465</td>\n",
       "      <td>0.294493</td>\n",
       "      <td>0.302584</td>\n",
       "      <td>0.066527</td>\n",
       "      <td>0.235716</td>\n",
       "      <td>0.606170</td>\n",
       "      <td>1.000000</td>\n",
       "    </tr>\n",
       "  </tbody>\n",
       "</table>\n",
       "</div>"
      ],
      "text/plain": [
       "               age   hdlngth    skullw  totlngth     taill  footlgth  \\\n",
       "age       1.000000  0.319022  0.285107  0.260280  0.118241  0.126190   \n",
       "hdlngth   0.319022  1.000000  0.710827  0.691094  0.287429  0.391605   \n",
       "skullw    0.285107  0.710827  1.000000  0.526413  0.255921  0.275059   \n",
       "totlngth  0.260280  0.691094  0.526413  1.000000  0.565646  0.444832   \n",
       "taill     0.118241  0.287429  0.255921  0.565646  1.000000 -0.126277   \n",
       "footlgth  0.126190  0.391605  0.275059  0.444832 -0.126277  1.000000   \n",
       "earconch  0.053405  0.121463 -0.000537  0.154484 -0.385136  0.783050   \n",
       "eye       0.235553  0.347175  0.321991  0.247786  0.198134  0.005213   \n",
       "chest     0.334209  0.631498  0.629737  0.577890  0.174997  0.450590   \n",
       "belly     0.354298  0.562663  0.451838  0.519465  0.294493  0.302584   \n",
       "\n",
       "          earconch       eye     chest     belly  \n",
       "age       0.053405  0.235553  0.334209  0.354298  \n",
       "hdlngth   0.121463  0.347175  0.631498  0.562663  \n",
       "skullw   -0.000537  0.321991  0.629737  0.451838  \n",
       "totlngth  0.154484  0.247786  0.577890  0.519465  \n",
       "taill    -0.385136  0.198134  0.174997  0.294493  \n",
       "footlgth  0.783050  0.005213  0.450590  0.302584  \n",
       "earconch  1.000000 -0.165092  0.199230  0.066527  \n",
       "eye      -0.165092  1.000000  0.149338  0.235716  \n",
       "chest     0.199230  0.149338  1.000000  0.606170  \n",
       "belly     0.066527  0.235716  0.606170  1.000000  "
      ]
     },
     "execution_count": 25,
     "metadata": {},
     "output_type": "execute_result"
    }
   ],
   "source": [
    "df.corr()"
   ]
  },
  {
   "cell_type": "markdown",
   "metadata": {},
   "source": [
    "En el caso de la correlación, volvemos a analizar nuestras variables de interés y podemos observar que todas las correlaciones son positivas, por lo tanto varían en el mismo sentido. Sin embargo, tenemos diferencias en la intensidad de la relación. Podemos observar que tanto el largo de la cabeza como el largo del cráneo tienen una correlación alta con el largo total del cuerpo. Debido a que la correlación es más alta entre el largo de la cabeza y el largo del cuerpo, hemos decidido quedarnos con el largo de la cabeza como nuestra variable predictora. También hemos visto que la correlación entre el largo de la cola y el largo del cuerpo es relativamente alta, por lo tanto consideramos incluirla dentro de nuestro modelo de predicción de largo de cuerpo total para obtener un mejor ajuste. "
   ]
  },
  {
   "cell_type": "markdown",
   "metadata": {},
   "source": [
    "### 3. Con los resultados de la correlación del ejercicio anterior, cread un heatmap."
   ]
  },
  {
   "cell_type": "code",
   "execution_count": 26,
   "metadata": {},
   "outputs": [
    {
     "name": "stderr",
     "output_type": "stream",
     "text": [
      "/tmp/ipykernel_7688/1679002408.py:1: DeprecationWarning: `np.bool` is a deprecated alias for the builtin `bool`. To silence this warning, use `bool` by itself. Doing this will not modify any behavior and is safe. If you specifically wanted the numpy scalar type, use `np.bool_` here.\n",
      "Deprecated in NumPy 1.20; for more details and guidance: https://numpy.org/devdocs/release/1.20.0-notes.html#deprecations\n",
      "  mask = np.triu(np.ones_like(df.corr(), dtype=np.bool))\n"
     ]
    },
    {
     "data": {
